-8.280420303344726562e+00
-8.195138931274414062e+00
-8.185529708862304688e+00
-7.296365737915039062e+00
-8.216217994689941406e+00
-8.652029991149902344e+00
-8.931069374084472656e+00
-6.685294151306152344e+00
-8.602287292480468750e+00
-7.295851707458496094e+00
-7.669970989227294922e+00
-8.502246856689453125e+00
-8.767765998840332031e+00
-7.364142417907714844e+00
-8.038341522216796875e+00
-8.504887580871582031e+00
-8.273300170898437500e+00
-7.831833362579345703e+00
-7.160048484802246094e+00
-8.005641937255859375e+00
-8.937285423278808594e+00
-6.361774444580078125e+00
-8.831665039062500000e+00
-7.692147731781005859e+00
-8.068805694580078125e+00
-8.534734725952148438e+00
-7.247903347015380859e+00
-6.655341625213623047e+00
-6.540871143341064453e+00
-8.873983383178710938e+00
-8.797490119934082031e+00
-7.537033081054687500e+00
-8.762498855590820312e+00
-7.696259021759033203e+00
-8.818737983703613281e+00
-8.533320426940917969e+00
-8.668846130371093750e+00
-7.191521167755126953e+00
-8.655691146850585938e+00
-8.627149581909179688e+00
-7.753401756286621094e+00
-8.820493698120117188e+00
-6.527473926544189453e+00
-8.682493209838867188e+00
-8.941290855407714844e+00
-7.896496772766113281e+00
-8.556787490844726562e+00
-8.813624382019042969e+00
-8.698388099670410156e+00
-8.622288703918457031e+00
-8.839848518371582031e+00
-8.978747367858886719e+00
-8.567706108093261719e+00
-8.682013511657714844e+00
-8.541235923767089844e+00
-7.535355091094970703e+00
-8.528565406799316406e+00
-8.485341072082519531e+00
-7.588871002197265625e+00
-7.812901973724365234e+00
-7.497698783874511719e+00
-8.594943046569824219e+00
-8.745163917541503906e+00
-8.824318885803222656e+00
-8.706326484680175781e+00
-6.397367000579833984e+00
-8.055564880371093750e+00
-8.498382568359375000e+00
-6.992875099182128906e+00
-7.720602035522460938e+00
-8.851727485656738281e+00
-8.182250022888183594e+00
-8.472396850585937500e+00
-8.469027519226074219e+00
-8.740079879760742188e+00
-7.864691257476806641e+00
-8.762829780578613281e+00
-8.877941131591796875e+00
-7.635255813598632812e+00
-8.502391815185546875e+00
-7.877713203430175781e+00
-7.282187461853027344e+00
-8.377540588378906250e+00
-6.576465606689453125e+00
-8.078948020935058594e+00
-7.909757137298583984e+00
-8.169134140014648438e+00
-8.060500144958496094e+00
-7.670601844787597656e+00
-6.337526321411132812e+00
-8.773183822631835938e+00
-7.545762538909912109e+00
-7.600213527679443359e+00
-8.671453475952148438e+00
-8.557671546936035156e+00
-8.725963592529296875e+00
-7.406152248382568359e+00
-8.654932022094726562e+00
-7.764024257659912109e+00
-8.813137054443359375e+00
-7.527018070220947266e+00
-7.621422767639160156e+00
-7.291600704193115234e+00
-7.705509662628173828e+00
-8.472741127014160156e+00
-7.774395942687988281e+00
-7.829421043395996094e+00
-7.954375267028808594e+00
-8.340526580810546875e+00
-8.188871383666992188e+00
-7.071753501892089844e+00
-8.845940589904785156e+00
-8.782926559448242188e+00
-7.997803211212158203e+00
-8.861865997314453125e+00
-7.893510818481445312e+00
-7.355188369750976562e+00
-6.959108829498291016e+00
-6.847872734069824219e+00
-8.359461784362792969e+00
-8.641955375671386719e+00
-7.865442752838134766e+00
-8.592013359069824219e+00
-7.381087779998779297e+00
-8.880043983459472656e+00
-8.121717453002929688e+00
-8.799180984497070312e+00
-7.127539157867431641e+00
-8.976319313049316406e+00
-7.503625869750976562e+00
-8.539496421813964844e+00
-8.570140838623046875e+00
-7.495096683502197266e+00
-8.616270065307617188e+00
-8.275299072265625000e+00
-8.790115356445312500e+00
-8.809171676635742188e+00
-7.888044834136962891e+00
-6.511508941650390625e+00
-8.732910156250000000e+00
-8.051570892333984375e+00
-8.664293289184570312e+00
-8.911319732666015625e+00
-8.775213241577148438e+00
-8.287186622619628906e+00
-7.141521453857421875e+00
-8.716224670410156250e+00
-8.762910842895507812e+00
-8.873449325561523438e+00
-8.731765747070312500e+00
-8.099582672119140625e+00
-8.764609336853027344e+00
-7.530901908874511719e+00
-8.560604095458984375e+00
-8.754978179931640625e+00
-8.018434524536132812e+00
-8.603603363037109375e+00
-6.846617221832275391e+00
-8.157877922058105469e+00
-8.596575736999511719e+00
-8.579182624816894531e+00
-8.855783462524414062e+00
-8.613121986389160156e+00
-8.322586059570312500e+00
-8.846559524536132812e+00
-8.455087661743164062e+00
-8.791247367858886719e+00
-7.624853610992431641e+00
-8.266744613647460938e+00
-7.813508987426757812e+00
-7.679545402526855469e+00
-7.475399017333984375e+00
-7.915340900421142578e+00
-8.837332725524902344e+00
-7.727390289306640625e+00
-8.646661758422851562e+00
-8.344479560852050781e+00
-8.067603111267089844e+00
-8.688220977783203125e+00
-8.865375518798828125e+00
-7.778200626373291016e+00
-8.718393325805664062e+00
-8.405098915100097656e+00
-8.799031257629394531e+00
-8.514407157897949219e+00
-8.496168136596679688e+00
-7.977711200714111328e+00
-8.687594413757324219e+00
-7.151368618011474609e+00
-8.735451698303222656e+00
-7.934934616088867188e+00
-7.907975196838378906e+00
-8.088439941406250000e+00
-8.400552749633789062e+00
-6.813663482666015625e+00
-8.010794639587402344e+00
-8.065720558166503906e+00
-8.836420059204101562e+00
-8.300888061523437500e+00
-6.914449214935302734e+00
-8.741656303405761719e+00
-7.116558074951171875e+00
-7.938496589660644531e+00
-8.538046836853027344e+00
-7.760928153991699219e+00
-7.770560264587402344e+00
-8.838384628295898438e+00
-8.828147888183593750e+00
-8.503672599792480469e+00
-8.643229484558105469e+00
-8.503962516784667969e+00
-8.367111206054687500e+00
-8.847971916198730469e+00
-7.710094451904296875e+00
-8.388295173645019531e+00
-8.356375694274902344e+00
-7.937405109405517578e+00
-8.993592262268066406e+00
-8.713164329528808594e+00
-8.381801605224609375e+00
-7.835673332214355469e+00
-8.712229728698730469e+00
-8.426619529724121094e+00
-7.642916202545166016e+00
-8.345704078674316406e+00
-8.255951881408691406e+00
-7.380311012268066406e+00
-7.797182559967041016e+00
-7.907461643218994141e+00
-8.247651100158691406e+00
-8.543243408203125000e+00
-8.746009826660156250e+00
-6.049983024597167969e+00
-8.386324882507324219e+00
-8.529972076416015625e+00
-8.027071952819824219e+00
-8.826951980590820312e+00
-6.486866950988769531e+00
-8.121070861816406250e+00
-7.848875045776367188e+00
-8.167503356933593750e+00
-7.795069694519042969e+00
-8.588173866271972656e+00
-8.705802917480468750e+00
-8.611369132995605469e+00
-7.735694408416748047e+00
-8.454035758972167969e+00
-7.937631130218505859e+00
-8.710636138916015625e+00
-7.990215301513671875e+00
-8.368443489074707031e+00
-8.835571289062500000e+00
-8.097598075866699219e+00
-8.068394660949707031e+00
-8.881336212158203125e+00
-8.683273315429687500e+00
-8.546828269958496094e+00
-8.676972389221191406e+00
-7.798069953918457031e+00
-7.121716022491455078e+00
-8.388087272644042969e+00
-8.585487365722656250e+00
-8.702472686767578125e+00
-8.727008819580078125e+00
-6.376138687133789062e+00
-8.847520828247070312e+00
-6.762016296386718750e+00
-8.670239448547363281e+00
-7.106093883514404297e+00
-8.874980926513671875e+00
-8.704099655151367188e+00
-8.637916564941406250e+00
-8.506446838378906250e+00
-7.480542182922363281e+00
-8.448072433471679688e+00
-8.774179458618164062e+00
-8.714790344238281250e+00
-8.218408584594726562e+00
-7.130189418792724609e+00
-6.567236900329589844e+00
-8.489113807678222656e+00
-8.079459190368652344e+00
-8.019709587097167969e+00
-8.657681465148925781e+00
-7.424637317657470703e+00
-7.226952075958251953e+00
-8.334900856018066406e+00
-8.030923843383789062e+00
-8.114106178283691406e+00
-8.724823951721191406e+00
-7.129775047302246094e+00
-8.575127601623535156e+00
-8.623505592346191406e+00
-8.533634185791015625e+00
-8.673731803894042969e+00
-8.204360961914062500e+00
-8.580189704895019531e+00
-8.192149162292480469e+00
-7.635086059570312500e+00
-8.287808418273925781e+00
-7.482617855072021484e+00
-8.415949821472167969e+00
-8.298480033874511719e+00
-8.387890815734863281e+00
-8.804755210876464844e+00
-8.412763595581054688e+00
-8.062491416931152344e+00
-8.346623420715332031e+00
-8.758269309997558594e+00
-7.741130828857421875e+00
-8.341525077819824219e+00
-8.505564689636230469e+00
-8.965555191040039062e+00
-8.105887413024902344e+00
-6.421216487884521484e+00
-7.375735282897949219e+00
-8.761516571044921875e+00
-7.810980796813964844e+00
-8.838703155517578125e+00
-7.488899707794189453e+00
-8.797037124633789062e+00
-8.398202896118164062e+00
-7.350592136383056641e+00
-7.796531677246093750e+00
-8.517120361328125000e+00
-8.685332298278808594e+00
-8.059166908264160156e+00
-8.353002548217773438e+00
-8.893785476684570312e+00
-8.715907096862792969e+00
-8.720998764038085938e+00
-6.369164466857910156e+00
-8.701556205749511719e+00
-8.489376068115234375e+00
-8.494257926940917969e+00
-8.098446846008300781e+00
-8.416390419006347656e+00
-8.963859558105468750e+00
-6.400980472564697266e+00
-8.868276596069335938e+00
-8.492827415466308594e+00
-7.963682174682617188e+00
-7.031154632568359375e+00
-8.462762832641601562e+00
-7.992692470550537109e+00
-8.073391914367675781e+00
-6.170868873596191406e+00
-8.033142089843750000e+00
-8.720384597778320312e+00
-8.249667167663574219e+00
-7.298301219940185547e+00
-8.930521011352539062e+00
-6.718984127044677734e+00
-8.805356979370117188e+00
-8.678657531738281250e+00
-8.041083335876464844e+00
-7.824527263641357422e+00
-8.800304412841796875e+00
-8.296117782592773438e+00
-8.771688461303710938e+00
-7.238778591156005859e+00
-7.395256519317626953e+00
-8.528290748596191406e+00
-8.555197715759277344e+00
-7.653734207153320312e+00
-8.735241889953613281e+00
-8.747860908508300781e+00
-7.870474338531494141e+00
-7.835738658905029297e+00
-8.059466361999511719e+00
-8.570221900939941406e+00
-8.515433311462402344e+00
-8.797219276428222656e+00
-8.260917663574218750e+00
-7.027070045471191406e+00
-6.986441135406494141e+00
-8.579224586486816406e+00
-7.237590312957763672e+00
-8.131971359252929688e+00
-8.290676116943359375e+00
-8.598732948303222656e+00
-7.298670291900634766e+00
-7.266313552856445312e+00
-7.007799148559570312e+00
-8.854224205017089844e+00
-8.264033317565917969e+00
-6.896390914916992188e+00
-8.695646286010742188e+00
-6.470767498016357422e+00
-8.708424568176269531e+00
-8.341872215270996094e+00
-7.805517673492431641e+00
-6.086260318756103516e+00
-7.819940567016601562e+00
-8.572031974792480469e+00
-7.100206851959228516e+00
-8.879863739013671875e+00
-8.118872642517089844e+00
-8.783453941345214844e+00
-8.435084342956542969e+00
-7.560909748077392578e+00
-7.561958789825439453e+00
-8.318035125732421875e+00
-7.298362255096435547e+00
-7.441132545471191406e+00
-8.533187866210937500e+00
-8.420829772949218750e+00
-8.290722846984863281e+00
-8.589982986450195312e+00
-8.898351669311523438e+00
-7.635785102844238281e+00
-7.395321846008300781e+00
-8.673873901367187500e+00
-8.767827987670898438e+00
-8.844964981079101562e+00
-8.869262695312500000e+00
-8.415495872497558594e+00
-7.763343334197998047e+00
-8.085214614868164062e+00
-7.919489383697509766e+00
-8.594412803649902344e+00
-7.348506450653076172e+00
-7.120616436004638672e+00
-8.868010520935058594e+00
-6.091705322265625000e+00
-8.384635925292968750e+00
-8.623815536499023438e+00
-8.625638961791992188e+00
-8.314654350280761719e+00
-8.597308158874511719e+00
-8.884289741516113281e+00
-8.091228485107421875e+00
-8.860899925231933594e+00
-8.652387619018554688e+00
-8.545282363891601562e+00
-7.656865596771240234e+00
-8.738516807556152344e+00
-7.232397079467773438e+00
-7.198130130767822266e+00
-8.372577667236328125e+00
-8.219991683959960938e+00
-8.057243347167968750e+00
-8.280838966369628906e+00
-7.828232765197753906e+00
-6.562758922576904297e+00
-8.527425765991210938e+00
-8.440387725830078125e+00
-7.972705841064453125e+00
-8.788360595703125000e+00
-8.664319992065429688e+00
-7.826200485229492188e+00
-8.547554016113281250e+00
-8.462231636047363281e+00
-7.452631950378417969e+00
-6.390433788299560547e+00
-8.423236846923828125e+00
-8.038922309875488281e+00
-7.078746318817138672e+00
-6.972223758697509766e+00
-8.831553459167480469e+00
-6.734018802642822266e+00
-8.575628280639648438e+00
-7.973506450653076172e+00
-8.686500549316406250e+00
-8.613437652587890625e+00
-7.736109733581542969e+00
-7.531096935272216797e+00
-8.720197677612304688e+00
-8.176802635192871094e+00
-8.242833137512207031e+00
-7.183959007263183594e+00
-8.957612991333007812e+00
-6.862904548645019531e+00
-8.625374794006347656e+00
-8.637991905212402344e+00
-7.884067535400390625e+00
-8.031788825988769531e+00
-8.678580284118652344e+00
-7.349663257598876953e+00
-8.763344764709472656e+00
-6.614312171936035156e+00
-7.408425807952880859e+00
-8.357487678527832031e+00
-8.426393508911132812e+00
-8.257622718811035156e+00
-8.440818786621093750e+00
-8.827658653259277344e+00
-7.536729335784912109e+00
-8.758022308349609375e+00
-8.388337135314941406e+00
-8.753141403198242188e+00
-8.278360366821289062e+00
-7.608116149902343750e+00
-6.644496917724609375e+00
-8.720278739929199219e+00
-7.756586074829101562e+00
-8.777471542358398438e+00
-8.908804893493652344e+00
-8.184837341308593750e+00
-8.896176338195800781e+00
-8.741975784301757812e+00
-8.035136222839355469e+00
-6.333951950073242188e+00
-7.599438667297363281e+00
-8.483647346496582031e+00
-8.718831062316894531e+00
-8.502791404724121094e+00
-8.888623237609863281e+00
-6.531904697418212891e+00
-7.648238182067871094e+00
-8.805280685424804688e+00
-8.229936599731445312e+00
-7.530492305755615234e+00
-8.430814743041992188e+00
-8.065629959106445312e+00
-8.481193542480468750e+00
-7.389117240905761719e+00
-8.055256843566894531e+00
-7.924613952636718750e+00
-8.159905433654785156e+00
-8.077629089355468750e+00
-7.518193244934082031e+00
-7.790002822875976562e+00
-8.644290924072265625e+00
-6.203181743621826172e+00
-8.890479087829589844e+00
-8.567651748657226562e+00
-8.188440322875976562e+00
-8.633994102478027344e+00
-8.854553222656250000e+00
-8.157350540161132812e+00
-8.376612663269042969e+00
-7.703202724456787109e+00
-8.872570991516113281e+00
-7.695558547973632812e+00
-8.579216003417968750e+00
-8.073131561279296875e+00
-7.468122959136962891e+00
-8.826259613037109375e+00
-8.006772994995117188e+00
-8.380697250366210938e+00
-8.399417877197265625e+00
-8.838480949401855469e+00
-8.577702522277832031e+00
-8.453064918518066406e+00
-8.561899185180664062e+00
-8.860210418701171875e+00
-8.920882225036621094e+00
-6.721579074859619141e+00
-8.411232948303222656e+00
-8.644419670104980469e+00
-6.244069099426269531e+00
-7.189186096191406250e+00
-8.935672760009765625e+00
-8.776788711547851562e+00
-7.941505432128906250e+00
-8.229948997497558594e+00
-8.887006759643554688e+00
-8.702572822570800781e+00
-8.313239097595214844e+00
-8.951921463012695312e+00
-8.747388839721679688e+00
-8.100996017456054688e+00
-8.097587585449218750e+00
-7.905428886413574219e+00
-8.636368751525878906e+00
-8.569943428039550781e+00
-8.206160545349121094e+00
-8.968487739562988281e+00
-8.985413551330566406e+00
-7.780467510223388672e+00
-8.759757995605468750e+00
-8.483549118041992188e+00
-7.210411071777343750e+00
-6.707477569580078125e+00
-8.005950927734375000e+00
-8.787552833557128906e+00
-8.762357711791992188e+00
-6.963696479797363281e+00
-7.545206069946289062e+00
-7.617709159851074219e+00
-8.711091995239257812e+00
-8.678529739379882812e+00
-7.568596839904785156e+00
-7.826123714447021484e+00
-7.926948070526123047e+00
-8.752051353454589844e+00
-8.638833999633789062e+00
-8.158076286315917969e+00
-8.036288261413574219e+00
-8.199434280395507812e+00
-8.713955879211425781e+00
-7.793093681335449219e+00
-8.541967391967773438e+00
-6.158034324645996094e+00
-8.887019157409667969e+00
-8.322268486022949219e+00
-8.777032852172851562e+00
-8.648561477661132812e+00
-8.861318588256835938e+00
-7.349174499511718750e+00
-8.545872688293457031e+00
-8.005103111267089844e+00
-8.153868675231933594e+00
-8.354750633239746094e+00
-7.797782421112060547e+00
-8.374024391174316406e+00
-6.929928302764892578e+00
-8.706112861633300781e+00
-8.845094680786132812e+00
-8.544029235839843750e+00
-8.881597518920898438e+00
-8.451252937316894531e+00
-6.889607429504394531e+00
-6.415534019470214844e+00
-7.535753726959228516e+00
-8.008386611938476562e+00
-7.755732536315917969e+00
-8.562516212463378906e+00
-6.317532539367675781e+00
-8.667412757873535156e+00
-8.639920234680175781e+00
-6.645195484161376953e+00
-8.770838737487792969e+00
-8.663637161254882812e+00
-7.495372772216796875e+00
-7.894481658935546875e+00
-8.843760490417480469e+00
-8.448518753051757812e+00
-8.845181465148925781e+00
-8.604626655578613281e+00
-8.159738540649414062e+00
-8.482591629028320312e+00
-8.192355155944824219e+00
-6.079181671142578125e+00
-7.404755115509033203e+00
-8.814566612243652344e+00
-8.142033576965332031e+00
-8.385977745056152344e+00
-7.026140213012695312e+00
-8.634494781494140625e+00
-6.416244983673095703e+00
-8.215252876281738281e+00
-8.876668930053710938e+00
-8.383947372436523438e+00
inf
