-7.988249778747558594e+00
-7.693884849548339844e+00
-8.919542312622070312e+00
-7.922918796539306641e+00
-6.025483131408691406e+00
-8.454110145568847656e+00
-8.609401702880859375e+00
-8.088220596313476562e+00
-8.358008384704589844e+00
-8.979146003723144531e+00
-6.566990852355957031e+00
-8.813800811767578125e+00
-8.029279708862304688e+00
-9.023097991943359375e+00
-7.640645980834960938e+00
-8.562781333923339844e+00
-6.559384822845458984e+00
-8.976940155029296875e+00
-8.480060577392578125e+00
-8.964802742004394531e+00
-6.985130310058593750e+00
-8.327776908874511719e+00
-8.793478965759277344e+00
-8.899890899658203125e+00
-8.968779563903808594e+00
-7.470521926879882812e+00
-9.021276473999023438e+00
-9.008797645568847656e+00
-6.951540946960449219e+00
-7.163294315338134766e+00
-8.143071174621582031e+00
-6.267861366271972656e+00
-7.765086174011230469e+00
-8.199250221252441406e+00
-8.490685462951660156e+00
-7.872432708740234375e+00
-8.397541046142578125e+00
-8.586471557617187500e+00
-8.328102111816406250e+00
-8.922073364257812500e+00
-8.945755958557128906e+00
-8.252463340759277344e+00
-8.928558349609375000e+00
-6.310491561889648438e+00
-8.605503082275390625e+00
-8.797332763671875000e+00
-8.751756668090820312e+00
-8.400987625122070312e+00
-8.787603378295898438e+00
-8.729773521423339844e+00
-7.501445293426513672e+00
-7.956262588500976562e+00
-8.291129112243652344e+00
-8.013054847717285156e+00
-8.407845497131347656e+00
-6.155860900878906250e+00
-8.970333099365234375e+00
-8.744118690490722656e+00
-8.988249778747558594e+00
-8.560082435607910156e+00
-7.865507125854492188e+00
-8.036134719848632812e+00
-8.833582878112792969e+00
-7.158042907714843750e+00
-7.888261318206787109e+00
-8.305335998535156250e+00
-8.233384132385253906e+00
-8.213808059692382812e+00
-8.169594764709472656e+00
-7.445135116577148438e+00
-7.889674663543701172e+00
-8.851544380187988281e+00
-8.792647361755371094e+00
-8.458169937133789062e+00
-8.587168693542480469e+00
-9.006167411804199219e+00
-8.956172943115234375e+00
-8.905621528625488281e+00
-8.915725708007812500e+00
-7.999492645263671875e+00
-8.604987144470214844e+00
-8.467561721801757812e+00
-7.747200489044189453e+00
-7.762056350708007812e+00
-7.715270996093750000e+00
-8.824028968811035156e+00
-7.082743167877197266e+00
-8.863387107849121094e+00
-9.018301010131835938e+00
-7.439999103546142578e+00
-7.967355728149414062e+00
-7.827508926391601562e+00
-8.820388793945312500e+00
-8.640671730041503906e+00
-7.638327598571777344e+00
-8.241250991821289062e+00
-8.193370819091796875e+00
-8.169216156005859375e+00
-8.344303131103515625e+00
-9.015439987182617188e+00
-8.170137405395507812e+00
-8.382383346557617188e+00
-7.971784114837646484e+00
-8.860571861267089844e+00
-8.423062324523925781e+00
-7.999845504760742188e+00
-7.542941093444824219e+00
-7.251760482788085938e+00
-7.880321025848388672e+00
-6.975575923919677734e+00
-7.196309089660644531e+00
-8.045722961425781250e+00
-8.749507904052734375e+00
-8.808157920837402344e+00
-8.994554519653320312e+00
-8.057825088500976562e+00
-8.773288726806640625e+00
-8.259015083312988281e+00
-8.909994125366210938e+00
-7.663664817810058594e+00
-6.182089805603027344e+00
-8.994887351989746094e+00
-8.735136985778808594e+00
-8.971037864685058594e+00
-8.726427078247070312e+00
-8.445203781127929688e+00
-7.732409477233886719e+00
-6.027558326721191406e+00
-8.901295661926269531e+00
-8.118361473083496094e+00
-8.796770095825195312e+00
-6.129972457885742188e+00
-8.629563331604003906e+00
-8.401495933532714844e+00
-8.204841613769531250e+00
-8.124444007873535156e+00
-8.845531463623046875e+00
-8.315799713134765625e+00
-8.782661437988281250e+00
-8.434376716613769531e+00
-7.587022781372070312e+00
-8.943016052246093750e+00
-8.376235008239746094e+00
-8.677548408508300781e+00
-6.461599349975585938e+00
-8.331325531005859375e+00
-6.899126052856445312e+00
-8.805769920349121094e+00
-7.997356414794921875e+00
-6.938134670257568359e+00
-6.385980606079101562e+00
-6.512090206146240234e+00
-6.772969722747802734e+00
-8.654526710510253906e+00
-8.215292930603027344e+00
-8.738096237182617188e+00
-7.847995758056640625e+00
-8.861322402954101562e+00
-8.775432586669921875e+00
-7.438947200775146484e+00
-6.990750789642333984e+00
-8.476346969604492188e+00
-8.447929382324218750e+00
-8.677679061889648438e+00
-7.461596488952636719e+00
-8.459501266479492188e+00
-8.138180732727050781e+00
-8.610075950622558594e+00
-7.422167778015136719e+00
-8.739119529724121094e+00
-7.979547500610351562e+00
-8.860429763793945312e+00
-8.969957351684570312e+00
-8.070510864257812500e+00
-9.002239227294921875e+00
-8.870853424072265625e+00
-8.128595352172851562e+00
-8.709371566772460938e+00
-8.418902397155761719e+00
-7.765461444854736328e+00
-8.281687736511230469e+00
-8.858873367309570312e+00
-9.018320083618164062e+00
-6.491610527038574219e+00
-8.559068679809570312e+00
-8.595218658447265625e+00
-8.350739479064941406e+00
-8.113718032836914062e+00
-7.318108558654785156e+00
-7.548373699188232422e+00
-7.565701007843017578e+00
-8.331768989562988281e+00
-8.609921455383300781e+00
-7.635426521301269531e+00
-8.492171287536621094e+00
-8.074964523315429688e+00
-8.464288711547851562e+00
-8.809939384460449219e+00
-6.557107448577880859e+00
-8.948904991149902344e+00
-8.179801940917968750e+00
-8.041136741638183594e+00
-8.987060546875000000e+00
-8.816427230834960938e+00
-8.668623924255371094e+00
-8.946917533874511719e+00
-7.091530799865722656e+00
-8.102249145507812500e+00
-8.291849136352539062e+00
-8.564990043640136719e+00
-8.637741088867187500e+00
-8.953886032104492188e+00
-8.768265724182128906e+00
-8.745813369750976562e+00
-8.397969245910644531e+00
-8.950201988220214844e+00
-8.123784065246582031e+00
-6.523232936859130859e+00
-8.818930625915527344e+00
-8.562438964843750000e+00
-8.937055587768554688e+00
-7.727179527282714844e+00
-9.021943092346191406e+00
-8.741970062255859375e+00
-8.586730003356933594e+00
-8.490774154663085938e+00
-8.254184722900390625e+00
-6.909388542175292969e+00
-8.913259506225585938e+00
-6.897724151611328125e+00
-8.746779441833496094e+00
-6.742562770843505859e+00
-7.498257637023925781e+00
-7.271145343780517578e+00
-8.525864601135253906e+00
-8.358476638793945312e+00
-8.749568939208984375e+00
-8.503995895385742188e+00
-7.773157596588134766e+00
-7.127580642700195312e+00
-7.937811374664306641e+00
-8.553464889526367188e+00
-8.940179824829101562e+00
-8.118968963623046875e+00
-8.113903999328613281e+00
-8.772329330444335938e+00
-6.797388553619384766e+00
-7.421653270721435547e+00
-8.866557121276855469e+00
-7.712569236755371094e+00
-8.761047363281250000e+00
-7.816265106201171875e+00
-7.788172721862792969e+00
-7.948644638061523438e+00
-8.728129386901855469e+00
-7.191228866577148438e+00
-7.755750179290771484e+00
-6.629572868347167969e+00
-8.715827941894531250e+00
-8.715110778808593750e+00
-7.970903873443603516e+00
-8.964767456054687500e+00
-8.916179656982421875e+00
-7.643331527709960938e+00
-7.271408557891845703e+00
-8.868241310119628906e+00
-8.845739364624023438e+00
-8.697537422180175781e+00
-7.390864372253417969e+00
-7.341281414031982422e+00
-8.718107223510742188e+00
-7.649951457977294922e+00
-7.775179386138916016e+00
-8.919589042663574219e+00
-8.738760948181152344e+00
-8.973166465759277344e+00
-9.014442443847656250e+00
-8.259933471679687500e+00
-6.823948860168457031e+00
-8.729691505432128906e+00
-8.403688430786132812e+00
-8.438607215881347656e+00
-7.493579864501953125e+00
-8.511797904968261719e+00
-7.809494018554687500e+00
-8.839454650878906250e+00
-8.510688781738281250e+00
-8.141180992126464844e+00
-8.505291938781738281e+00
-8.816335678100585938e+00
-8.224662780761718750e+00
-9.027111053466796875e+00
-6.335618019104003906e+00
-6.649680137634277344e+00
-8.293194770812988281e+00
-8.780156135559082031e+00
-8.643260002136230469e+00
-7.928385734558105469e+00
-7.533408164978027344e+00
-8.330605506896972656e+00
-8.680639266967773438e+00
-8.904398918151855469e+00
-8.333501815795898438e+00
-8.309121131896972656e+00
-8.650936126708984375e+00
-6.441697120666503906e+00
-8.314620018005371094e+00
-8.456530570983886719e+00
-8.907973289489746094e+00
-8.536699295043945312e+00
-8.074669837951660156e+00
-7.988574504852294922e+00
-8.873847007751464844e+00
-8.949582099914550781e+00
-7.844284534454345703e+00
-6.407527446746826172e+00
-8.958848953247070312e+00
-8.667551994323730469e+00
-8.680341720581054688e+00
-8.090827941894531250e+00
-8.308727264404296875e+00
-9.034431457519531250e+00
-7.269653320312500000e+00
-8.313868522644042969e+00
-7.538811206817626953e+00
-8.077010154724121094e+00
-8.668881416320800781e+00
-8.257894515991210938e+00
-7.688439369201660156e+00
-8.970940589904785156e+00
-7.272306442260742188e+00
-6.603305339813232422e+00
-7.842856407165527344e+00
-8.484793663024902344e+00
-7.945279121398925781e+00
-8.920504570007324219e+00
-8.688103675842285156e+00
-6.585147380828857422e+00
-8.960803031921386719e+00
-8.285831451416015625e+00
-6.604444503784179688e+00
-8.471942901611328125e+00
-8.564586639404296875e+00
-8.902628898620605469e+00
-8.869226455688476562e+00
-7.910653114318847656e+00
-7.669675350189208984e+00
-8.579754829406738281e+00
-9.029115676879882812e+00
-8.964077949523925781e+00
-8.218265533447265625e+00
-8.505943298339843750e+00
-8.834977149963378906e+00
-7.465031147003173828e+00
-7.804459571838378906e+00
-8.107140541076660156e+00
-7.879905223846435547e+00
-9.036390304565429688e+00
-8.964239120483398438e+00
-8.596443176269531250e+00
-8.396053314208984375e+00
-7.877723217010498047e+00
-8.993263244628906250e+00
-8.000200271606445312e+00
-8.163844108581542969e+00
-8.983769416809082031e+00
-7.658179283142089844e+00
-7.007965564727783203e+00
-8.666208267211914062e+00
-8.886622428894042969e+00
-8.968811988830566406e+00
-7.351734161376953125e+00
-7.839713096618652344e+00
-7.165179252624511719e+00
-7.837980747222900391e+00
-7.122707843780517578e+00
-8.805776596069335938e+00
-8.492380142211914062e+00
-8.305459976196289062e+00
-6.873598098754882812e+00
-8.998014450073242188e+00
-7.198803424835205078e+00
-7.317233085632324219e+00
-8.805860519409179688e+00
-8.463664054870605469e+00
-8.545801162719726562e+00
-8.483427047729492188e+00
-7.257539749145507812e+00
-6.850996971130371094e+00
-8.777092933654785156e+00
-8.831126213073730469e+00
-8.696514129638671875e+00
-7.853662967681884766e+00
-7.301635742187500000e+00
-8.817738533020019531e+00
-8.784011840820312500e+00
-7.293389320373535156e+00
-8.598857879638671875e+00
-6.658093929290771484e+00
-8.654856681823730469e+00
-8.774215698242187500e+00
-9.025077819824218750e+00
-8.824274063110351562e+00
-8.246142387390136719e+00
-6.018443107604980469e+00
-6.559940814971923828e+00
-8.060809135437011719e+00
-8.460619926452636719e+00
-8.542194366455078125e+00
-8.326522827148437500e+00
-8.013792037963867188e+00
-8.167420387268066406e+00
-6.073177337646484375e+00
-7.928498744964599609e+00
-8.512673377990722656e+00
-8.039834976196289062e+00
-8.554823875427246094e+00
-6.218691825866699219e+00
-8.780730247497558594e+00
-8.891584396362304688e+00
-8.358305931091308594e+00
-8.381777763366699219e+00
-7.783959388732910156e+00
-8.648976325988769531e+00
-8.216167449951171875e+00
-8.608471870422363281e+00
-8.470193862915039062e+00
-8.975806236267089844e+00
-8.388900756835937500e+00
-8.833067893981933594e+00
-8.127177238464355469e+00
-8.566872596740722656e+00
-7.246586322784423828e+00
-6.370217323303222656e+00
-7.983744621276855469e+00
-8.293792724609375000e+00
-8.252805709838867188e+00
-9.037443161010742188e+00
-8.989195823669433594e+00
-8.627800941467285156e+00
-8.605474472045898438e+00
-8.929667472839355469e+00
-7.689356327056884766e+00
-8.208324432373046875e+00
-7.069967746734619141e+00
-8.682598114013671875e+00
-8.116102218627929688e+00
-8.444535255432128906e+00
-7.873612403869628906e+00
-8.680526733398437500e+00
-8.363773345947265625e+00
-8.363231658935546875e+00
-7.918555736541748047e+00
-8.828476905822753906e+00
-8.656657218933105469e+00
-8.268856048583984375e+00
-7.285131454467773438e+00
-8.899959564208984375e+00
-8.715703010559082031e+00
-7.236450672149658203e+00
-8.699929237365722656e+00
-8.797508239746093750e+00
-8.779506683349609375e+00
-9.036976814270019531e+00
-9.038133621215820312e+00
-8.419121742248535156e+00
-7.988713741302490234e+00
-7.411950588226318359e+00
-8.755738258361816406e+00
-7.826778411865234375e+00
-7.635091781616210938e+00
-7.971371173858642578e+00
-8.544093132019042969e+00
-8.817979812622070312e+00
-7.783171653747558594e+00
-8.701227188110351562e+00
-8.967987060546875000e+00
-7.634624481201171875e+00
-8.947091102600097656e+00
-8.269575119018554688e+00
-8.328850746154785156e+00
-8.764732360839843750e+00
-8.233939170837402344e+00
-9.001861572265625000e+00
-7.397212982177734375e+00
-8.042910575866699219e+00
-8.708356857299804688e+00
-8.761460304260253906e+00
-8.889241218566894531e+00
-7.355686664581298828e+00
-8.627018928527832031e+00
-9.007066726684570312e+00
-8.802094459533691406e+00
-7.624351024627685547e+00
-7.142095088958740234e+00
-8.900801658630371094e+00
-6.360701560974121094e+00
-7.904564380645751953e+00
-7.835886001586914062e+00
-8.474391937255859375e+00
-8.153847694396972656e+00
-8.453810691833496094e+00
-8.451099395751953125e+00
-8.229410171508789062e+00
-8.515178680419921875e+00
-7.772346973419189453e+00
-7.375420093536376953e+00
-8.638927459716796875e+00
-8.932292938232421875e+00
-8.287051200866699219e+00
-7.567038536071777344e+00
-8.931052207946777344e+00
-7.651141166687011719e+00
-8.383877754211425781e+00
-8.602969169616699219e+00
-8.061397552490234375e+00
-8.667929649353027344e+00
-8.104595184326171875e+00
-7.904172420501708984e+00
-8.124758720397949219e+00
-8.905210494995117188e+00
-8.855602264404296875e+00
-8.157722473144531250e+00
-8.378541946411132812e+00
-8.798326492309570312e+00
-8.324968338012695312e+00
-6.295049190521240234e+00
-7.574836730957031250e+00
-8.048158645629882812e+00
-8.244679450988769531e+00
-8.958841323852539062e+00
-6.989898681640625000e+00
-7.891863346099853516e+00
-8.887852668762207031e+00
-7.746705532073974609e+00
-8.126640319824218750e+00
-8.450935363769531250e+00
-6.650710582733154297e+00
-6.889576911926269531e+00
-9.001933097839355469e+00
-8.492746353149414062e+00
-6.941545486450195312e+00
-8.656291961669921875e+00
-8.795508384704589844e+00
-6.621628761291503906e+00
-8.650102615356445312e+00
-8.710543632507324219e+00
-8.728542327880859375e+00
-8.163953781127929688e+00
-8.491411209106445312e+00
-7.852353572845458984e+00
-7.466205596923828125e+00
-8.777318000793457031e+00
-8.424414634704589844e+00
-8.701929092407226562e+00
-8.671229362487792969e+00
-6.531284809112548828e+00
-8.898235321044921875e+00
-8.029718399047851562e+00
-7.774741172790527344e+00
-7.510365486145019531e+00
-8.825329780578613281e+00
-8.604147911071777344e+00
-9.006487846374511719e+00
-7.901827812194824219e+00
-8.750956535339355469e+00
-8.933979034423828125e+00
-8.967446327209472656e+00
-8.278194427490234375e+00
-6.992137432098388672e+00
-9.007075309753417969e+00
-8.879722595214843750e+00
-8.859719276428222656e+00
-8.328216552734375000e+00
-8.698911666870117188e+00
-9.037322044372558594e+00
-8.950952529907226562e+00
-7.797984123229980469e+00
-8.692874908447265625e+00
-8.902747154235839844e+00
-7.957209110260009766e+00
-8.558401107788085938e+00
-8.182391166687011719e+00
-7.638833999633789062e+00
-8.822658538818359375e+00
-8.381072044372558594e+00
-8.793721199035644531e+00
-7.813222408294677734e+00
-7.572133064270019531e+00
-8.733295440673828125e+00
-8.755255699157714844e+00
-8.255476951599121094e+00
-8.342712402343750000e+00
-8.527548789978027344e+00
-8.726596832275390625e+00
-8.345531463623046875e+00
-8.978764533996582031e+00
-7.702234745025634766e+00
-8.704442977905273438e+00
-8.880379676818847656e+00
-8.980052947998046875e+00
-8.985943794250488281e+00
-8.795043945312500000e+00
-6.456154823303222656e+00
-8.251674652099609375e+00
-8.994121551513671875e+00
-6.677499771118164062e+00
-8.728122711181640625e+00
-8.766161918640136719e+00
-6.992697715759277344e+00
-8.013794898986816406e+00
-8.666530609130859375e+00
-7.177282333374023438e+00
-7.997214794158935547e+00
-7.094397068023681641e+00
-8.458710670471191406e+00
-8.037020683288574219e+00
-8.813343048095703125e+00
-7.667224884033203125e+00
-6.179946422576904297e+00
-7.904079437255859375e+00
-8.831215858459472656e+00
-7.763401985168457031e+00
-9.025145530700683594e+00
-7.483744144439697266e+00
-8.589422225952148438e+00
-6.676329612731933594e+00
-8.622675895690917969e+00
-8.739876747131347656e+00
-7.942578315734863281e+00
-8.338301658630371094e+00
-8.199949264526367188e+00
-8.475722312927246094e+00
-8.736413955688476562e+00
-6.933530807495117188e+00
-7.044959068298339844e+00
-8.238043785095214844e+00
-7.751758098602294922e+00
-8.826401710510253906e+00
-8.983122825622558594e+00
-8.197341918945312500e+00
-8.968163490295410156e+00
-8.096790313720703125e+00
-8.261735916137695312e+00
-7.596131324768066406e+00
-6.830096244812011719e+00
-8.233581542968750000e+00
-7.464466571807861328e+00
-8.245171546936035156e+00
-7.690422534942626953e+00
inf
